1.857 1
0.821 1
0.615 1
-2.913 1
0.929 1
3.795 1
-0.948 1
1.054 1
2.566 1
1.764 1
0.432 1
-1.159 1
-0.994 1
4.11 1
-2.003 1
2.994 1
-1.618 1
-1.454 1
-0.942 1
-0.348 1
0.204 1
-1.485 1
-0.957 1
2.175 1
0.857 1
-0.916 1
0.228 1
-0.138 1
0.258 1
-1.673 1
0.092 1
-0.322 1
0.337 1
-1.966 1
1.784 1
-3.149 1
-0.881 1
-0.796 1
0.951 1
-0.025 1
-0.073 1
1.066 1
1.688 1
-0.72 1
2.498 1
3.414 1
2.094 1
2.729 1
-2.611 1
3.683 1
-0.271 2
6.046 2
1.639 2
4.705 2
4.825 2
2.653 2
1.295 2
2.326 2
-7.237 2
-8.457 2
-0.077 2
9.209 2
-1.746 2
0.998 2
0.645 2
-9.282 2
0.313 2
-3.201 2
-6.376 2
-3.914 2
0.584 2
-1.119 2
3.88 2
0.891 2
-4.161 2
-11.132 2
3.458 2
-1.713 2
4.346 2
-4.075 2
1.487 2
-1.429 2
-5.587 2
8.753 2
4.019 2
-3.93 2
0.484 2
-5.999 2
-1.173 2
12.638 2
3.582 2
-1.482 2
-0.825 2
-10.168 2
-1.12 2
-5.273 2
-2.954 2
0.982 2
-0.75 2
4.024 2
