-2.693 1
-2.977 1
-3.443 1
-7.035 1
-1.81 1
-2.005 1
-3.562 1
1.508 1
0.01 1
2.578 1
-0.438 1
-4.329 1
-1.459 1
1.109 1
-1.6 1
-1.9 1
-2.185 1
-2.109 1
-6.098 1
2.249 1
2.902 1
0.783 1
-0.485 1
-5.324 1
-1.081 1
1.571 1
2.333 1
-4.382 1
0.516 1
5.988 1
-2.935 1
-1.017 1
0.475 1
0.61 1
-3.799 1
0.441 1
-3.613 1
0.76 1
0.54 1
-2.775 1
1.176 1
-2.996 1
1.449 1
1.651 1
1.911 1
2.451 1
-3.501 1
0.592 1
3.592 1
-3.979 1
-2.694 2
1.276 2
0.74 2
0.069 2
3.433 2
-0.057 2
-3.307 2
0.965 2
1.858 2
-1.866 2
-0.962 2
-1.122 2
2.944 2
-1.483 2
-0.914 2
-1.444 2
2.104 2
3.353 2
1.183 2
3.174 2
5.058 2
-1.792 2
3.419 2
-0.974 2
5.523 2
-5.735 2
-5.972 2
-2.047 2
-0.961 2
7.179 2
1.448 2
-5.403 2
-0.395 2
1.899 2
8.197 2
6.655 2
0.798 2
-0.324 2
-5.131 2
-5.211 2
-3.158 2
-2.839 2
-2.511 2
3.279 2
9.338 2
3.513 2
2.751 2
2.279 2
-4.1 2
3.365 2
