-1.937 0.091
2.445 0.148
-0.407 -1.249
0.25 0.419
-0.455 0.937
-0.161 -0.078
-0.514 -2.206
1.009 1.618
0.566 0.074
1.034 1.398
0.187 -0.145
0.295 0.01
-1.059 0.025
0.325 1.069
0.145 0.191
-0.191 0.49
-0.082 0.5
1.11 0.685
-0.078 -0.182
-1.232 -0.059
-0.451 -0.578
-0.962 1.375
1.271 -0.787
1.351 -1.045
0.671 -0.1
-0.194 -1.117
-2.499 -0.348
-0.248 0.982
1.512 -0.922
-0.023 0.921
-2.379 0.546
-1.341 -1.579
-0.159 1.532
0.668 -1.445
0.773 -0.338
-1.733 0.17
0.217 0.626
1.617 -0.106
0.026 2.53
0.369 -2.031
-2.668 0.336
-0.147 0.763
0.773 -1.097
0.839 0.042
-0.89 -0.462
-0.324 -1.346
-1.009 -0.881
0.506 0.856
1.035 -0.269
2.549 1.0
