1.151 9.03
0.492 6.464
-1.254 -0.333
2.171 13.0
-0.705 1.802
-0.438 2.842
2.94 15.993
-0.138 4.009
-0.068 4.283
-1.176 -0.031
-0.257 3.547
-2.089 -3.587
-0.025 4.452
0.468 6.371
0.008 4.58
-1.913 -2.899
0.402 6.113
-1.697 -2.058
-0.979 0.735
0.826 7.762
0.331 5.837
0.801 7.666
-3.161 -7.76
-0.007 4.522
0.257 5.549
-0.878 1.128
1.009 8.477
0.548 6.681
-1.153 0.06
0.004 4.563
0.95 8.247
2.137 12.869
-0.478 2.688
-0.734 1.69
0.054 4.756
1.864 11.807
-0.368 3.114
-1.443 -1.071
-1.043 0.487
-0.593 2.237
-0.726 1.721
-1.003 0.643
-1.274 -0.414
1.065 8.695
0.077 4.848
-0.625 2.115
-0.249 3.577
-1.196 -0.11
-1.42 -0.982
0.671 7.162
